s = 5;
A = [1,1,1,1,1,1,1,1,1,1,1,1,1,1,1,1,1,1,1,0]

A =

  Columns 1 through 16

     1     1     1     1     1     1     1     1     1     1     1     1     1     1     1     1

  Columns 17 through 20

     1     1     1     0

x= 1: 10;
A(1,:) =1

A =

  Columns 1 through 16

     1     1     1     1     1     1     1     1     1     1     1     1     1     1     1     1

  Columns 17 through 20

     1     1     1     1

B(1,:)=1

B =

     1     1
     1     1

A = eye(20,20)

A =

  Columns 1 through 16

     1     0     0     0     0     0     0     0     0     0     0     0     0     0     0     0
     0     1     0     0     0     0     0     0     0     0     0     0     0     0     0     0
     0     0     1     0     0     0     0     0     0     0     0     0     0     0     0     0
     0     0     0     1     0     0     0     0     0     0     0     0     0     0     0     0
     0     0     0     0     1     0     0     0     0     0     0     0     0     0     0     0
     0     0     0     0     0     1     0     0     0     0     0     0     0     0     0     0
     0     0     0     0     0     0     1     0     0     0     0     0     0     0     0     0
     0     0     0     0     0     0     0     1     0     0     0     0     0     0     0     0
     0     0     0     0     0     0     0     0     1     0     0     0     0     0     0     0
     0     0     0     0     0     0     0     0     0     1     0     0     0     0     0     0
     0     0     0     0     0     0     0     0     0     0     1     0     0     0     0     0
     0     0     0     0     0     0     0     0     0     0     0     1     0     0     0     0
     0     0     0     0     0     0     0     0     0     0     0     0     1     0     0     0
     0     0     0     0     0     0     0     0     0     0     0     0     0     1     0     0
     0     0     0     0     0     0     0     0     0     0     0     0     0     0     1     0
     0     0     0     0     0     0     0     0     0     0     0     0     0     0     0     1
     0     0     0     0     0     0     0     0     0     0     0     0     0     0     0     0
     0     0     0     0     0     0     0     0     0     0     0     0     0     0     0     0
     0     0     0     0     0     0     0     0     0     0     0     0     0     0     0     0
     0     0     0     0     0     0     0     0     0     0     0     0     0     0     0     0

  Columns 17 through 20

     0     0     0     0
     0     0     0     0
     0     0     0     0
     0     0     0     0
     0     0     0     0
     0     0     0     0
     0     0     0     0
     0     0     0     0
     0     0     0     0
     0     0     0     0
     0     0     0     0
     0     0     0     0
     0     0     0     0
     0     0     0     0
     0     0     0     0
     0     0     0     0
     1     0     0     0
     0     1     0     0
     0     0     1     0
     0     0     0     1

A (1,end-1) = 1

A =

  Columns 1 through 16

     1     0     0     0     0     0     0     0     0     0     0     0     0     0     0     0
     0     1     0     0     0     0     0     0     0     0     0     0     0     0     0     0
     0     0     1     0     0     0     0     0     0     0     0     0     0     0     0     0
     0     0     0     1     0     0     0     0     0     0     0     0     0     0     0     0
     0     0     0     0     1     0     0     0     0     0     0     0     0     0     0     0
     0     0     0     0     0     1     0     0     0     0     0     0     0     0     0     0
     0     0     0     0     0     0     1     0     0     0     0     0     0     0     0     0
     0     0     0     0     0     0     0     1     0     0     0     0     0     0     0     0
     0     0     0     0     0     0     0     0     1     0     0     0     0     0     0     0
     0     0     0     0     0     0     0     0     0     1     0     0     0     0     0     0
     0     0     0     0     0     0     0     0     0     0     1     0     0     0     0     0
     0     0     0     0     0     0     0     0     0     0     0     1     0     0     0     0
     0     0     0     0     0     0     0     0     0     0     0     0     1     0     0     0
     0     0     0     0     0     0     0     0     0     0     0     0     0     1     0     0
     0     0     0     0     0     0     0     0     0     0     0     0     0     0     1     0
     0     0     0     0     0     0     0     0     0     0     0     0     0     0     0     1
     0     0     0     0     0     0     0     0     0     0     0     0     0     0     0     0
     0     0     0     0     0     0     0     0     0     0     0     0     0     0     0     0
     0     0     0     0     0     0     0     0     0     0     0     0     0     0     0     0
     0     0     0     0     0     0     0     0     0     0     0     0     0     0     0     0

  Columns 17 through 20

     0     0     1     0
     0     0     0     0
     0     0     0     0
     0     0     0     0
     0     0     0     0
     0     0     0     0
     0     0     0     0
     0     0     0     0
     0     0     0     0
     0     0     0     0
     0     0     0     0
     0     0     0     0
     0     0     0     0
     0     0     0     0
     0     0     0     0
     0     0     0     0
     1     0     0     0
     0     1     0     0
     0     0     1     0
     0     0     0     1

A(1:end-1)=1

A =

  Columns 1 through 16

     1     1     1     1     1     1     1     1     1     1     1     1     1     1     1     1
     1     1     1     1     1     1     1     1     1     1     1     1     1     1     1     1
     1     1     1     1     1     1     1     1     1     1     1     1     1     1     1     1
     1     1     1     1     1     1     1     1     1     1     1     1     1     1     1     1
     1     1     1     1     1     1     1     1     1     1     1     1     1     1     1     1
     1     1     1     1     1     1     1     1     1     1     1     1     1     1     1     1
     1     1     1     1     1     1     1     1     1     1     1     1     1     1     1     1
     1     1     1     1     1     1     1     1     1     1     1     1     1     1     1     1
     1     1     1     1     1     1     1     1     1     1     1     1     1     1     1     1
     1     1     1     1     1     1     1     1     1     1     1     1     1     1     1     1
     1     1     1     1     1     1     1     1     1     1     1     1     1     1     1     1
     1     1     1     1     1     1     1     1     1     1     1     1     1     1     1     1
     1     1     1     1     1     1     1     1     1     1     1     1     1     1     1     1
     1     1     1     1     1     1     1     1     1     1     1     1     1     1     1     1
     1     1     1     1     1     1     1     1     1     1     1     1     1     1     1     1
     1     1     1     1     1     1     1     1     1     1     1     1     1     1     1     1
     1     1     1     1     1     1     1     1     1     1     1     1     1     1     1     1
     1     1     1     1     1     1     1     1     1     1     1     1     1     1     1     1
     1     1     1     1     1     1     1     1     1     1     1     1     1     1     1     1
     1     1     1     1     1     1     1     1     1     1     1     1     1     1     1     1

